inventory_id;film_id;store_id;category_id
1;1;1;6
2;1;1;6
3;1;1;6
4;1;1;6
5;1;2;6
6;1;2;6
7;1;2;6
8;1;2;6
9;2;2;11
10;2;2;11
11;2;2;11
12;3;2;6
13;3;2;6
14;3;2;6
15;3;2;6
16;4;1;11
17;4;1;11
18;4;1;11
19;4;1;11
20;4;2;11
21;4;2;11
22;4;2;11
23;5;2;8
24;5;2;8
25;5;2;8
26;6;1;9
27;6;1;9
28;6;1;9
29;6;2;9
30;6;2;9
31;6;2;9
32;7;1;5
33;7;1;5
34;7;2;5
35;7;2;5
36;7;2;5
37;8;2;11
38;8;2;11
39;8;2;11
40;8;2;11
41;9;1;11
42;9;1;11
43;9;1;11
44;9;2;11
45;9;2;11
46;10;1;15
47;10;1;15
48;10;1;15
49;10;1;15
50;10;2;15
51;10;2;15
52;10;2;15
53;11;1;9
54;11;1;9
55;11;1;9
56;11;1;9
57;11;2;9
58;11;2;9
59;11;2;9
60;12;1;12
61;12;1;12
62;12;1;12
63;12;2;12
64;12;2;12
65;12;2;12
66;12;2;12
67;13;2;11
68;13;2;11
69;13;2;11
70;13;2;11
71;15;1;9
72;15;1;9
73;15;2;9
74;15;2;9
75;15;2;9
76;15;2;9
77;16;1;9
78;16;1;9
79;16;2;9
80;16;2;9
81;17;1;12
82;17;1;12
83;17;1;12
84;17;2;12
85;17;2;12
86;17;2;12
87;18;1;2
88;18;1;2
89;18;1;2
90;18;2;2
91;18;2;2
92;18;2;2
93;19;1;1
94;19;1;1
95;19;1;1
96;19;1;1
97;19;2;1
98;19;2;1
99;20;1;12
100;20;1;12
101;20;1;12
102;21;1;1
103;21;1;1
104;21;2;1
105;21;2;1
106;21;2;1
107;21;2;1
108;22;1;13
109;22;1;13
110;22;1;13
111;22;1;13
112;22;2;13
113;22;2;13
114;22;2;13
115;23;1;2
116;23;1;2
117;23;1;2
118;23;2;2
119;23;2;2
120;24;1;11
121;24;1;11
122;24;1;11
123;24;1;11
124;25;1;13
125;25;1;13
126;25;1;13
127;25;1;13
128;25;2;13
129;25;2;13
130;26;1;14
131;26;1;14
132;26;2;14
133;26;2;14
134;26;2;14
135;27;1;15
136;27;1;15
137;27;1;15
138;27;1;15
139;28;1;5
140;28;1;5
141;28;1;5
142;29;1;1
143;29;1;1
144;30;1;11
145;30;1;11
146;31;1;8
147;31;1;8
148;31;1;8
149;31;1;8
150;31;2;8
151;31;2;8
152;31;2;8
153;31;2;8
154;32;2;13
155;32;2;13
156;34;2;11
157;34;2;11
158;34;2;11
159;34;2;11
160;35;1;11
161;35;1;11
162;35;1;11
163;35;1;11
164;35;2;11
165;35;2;11
166;35;2;11
167;37;1;4
168;37;1;4
169;37;1;4
170;37;1;4
171;37;2;4
172;37;2;4
173;37;2;4
174;39;1;14
175;39;1;14
176;39;1;14
177;39;2;14
178;39;2;14
179;39;2;14
180;39;2;14
181;40;2;6
182;40;2;6
183;40;2;6
184;40;2;6
185;42;2;15
186;42;2;15
187;42;2;15
188;42;2;15
189;43;1;8
190;43;1;8
191;43;1;8
192;43;2;8
193;43;2;8
194;43;2;8
195;43;2;8
196;44;1;14
197;44;1;14
198;44;2;14
199;44;2;14
200;44;2;14
201;45;1;13
202;45;1;13
203;45;1;13
204;45;1;13
205;45;2;13
206;45;2;13
207;46;2;10
208;46;2;10
209;46;2;10
210;47;2;9
211;47;2;9
212;48;1;3
213;48;1;3
214;48;2;3
215;48;2;3
216;49;1;14
217;49;1;14
218;49;1;14
219;49;2;14
220;49;2;14
221;49;2;14
222;50;1;8
223;50;1;8
224;50;1;8
225;50;2;8
226;50;2;8
227;51;1;12
228;51;1;12
229;51;2;12
230;51;2;12
231;51;2;12
232;51;2;12
233;52;2;9
234;52;2;9
235;53;1;8
236;53;1;8
237;54;1;12
238;54;1;12
239;54;1;12
240;54;2;12
241;54;2;12
242;55;1;14
243;55;1;14
244;55;1;14
245;55;1;14
246;55;2;14
247;55;2;14
248;56;1;1
249;56;1;1
250;56;1;1
251;56;2;1
252;56;2;1
253;57;1;16
254;57;1;16
255;57;1;16
256;57;1;16
257;57;2;16
258;57;2;16
259;57;2;16
260;58;2;6
261;58;2;6
262;58;2;6
263;58;2;6
264;59;1;3
265;59;1;3
266;59;1;3
267;59;2;3
268;59;2;3
269;60;1;4
270;60;1;4
271;60;1;4
272;61;1;7
273;61;1;7
274;61;1;7
275;61;1;7
276;61;2;7
277;61;2;7
278;62;2;6
279;62;2;6
280;63;1;8
281;63;1;8
282;63;2;8
283;63;2;8
284;64;2;7
285;64;2;7
286;64;2;7
287;65;2;11
288;65;2;11
289;65;2;11
290;65;2;11
291;66;1;3
292;66;1;3
293;66;1;3
294;67;1;1
295;67;1;1
296;67;2;1
297;67;2;1
298;67;2;1
299;67;2;1
300;68;1;3
301;68;1;3
302;68;2;3
303;68;2;3
304;69;1;14
305;69;1;14
306;69;1;14
307;69;1;14
308;69;2;14
309;69;2;14
310;69;2;14
311;69;2;14
312;70;1;2
313;70;1;2
314;70;2;2
315;70;2;2
316;71;2;8
317;71;2;8
318;71;2;8
319;71;2;8
320;72;1;6
321;72;1;6
322;72;1;6
323;72;1;6
324;72;2;6
325;72;2;6
326;73;1;14
327;73;1;14
328;73;1;14
329;73;1;14
330;73;2;14
331;73;2;14
332;73;2;14
333;73;2;14
334;74;1;12
335;74;1;12
336;74;1;12
337;74;2;12
338;74;2;12
339;75;2;16
340;75;2;16
341;75;2;16
342;76;1;12
343;76;1;12
344;76;1;12
345;77;1;13
346;77;1;13
347;77;1;13
348;77;1;13
349;77;2;13
350;77;2;13
351;78;1;2
352;78;1;2
353;78;1;2
354;78;2;2
355;78;2;2
356;78;2;2
357;78;2;2
358;79;1;7
359;79;1;7
360;79;1;7
361;79;2;7
362;79;2;7
363;79;2;7
364;80;1;8
365;80;1;8
366;80;1;8
367;80;1;8
368;81;1;14
369;81;1;14
370;81;1;14
371;81;1;14
372;82;1;8
373;82;1;8
374;83;1;8
375;83;1;8
376;83;1;8
377;83;2;8
378;83;2;8
379;84;1;16
380;84;1;16
381;84;1;16
382;84;1;16
383;85;2;6
384;85;2;6
385;85;2;6
386;85;2;6
387;86;1;12
388;86;1;12
389;86;1;12
390;86;1;12
391;86;2;12
392;86;2;12
393;86;2;12
394;86;2;12
395;88;2;16
396;88;2;16
397;88;2;16
398;88;2;16
399;89;1;2
400;89;1;2
401;89;1;2
402;89;2;2
403;89;2;2
404;89;2;2
405;90;1;13
406;90;1;13
407;90;1;13
408;90;2;13
409;90;2;13
410;90;2;13
411;91;1;4
412;91;1;4
413;91;1;4
414;91;1;4
415;91;2;4
416;91;2;4
417;91;2;4
418;91;2;4
419;92;1;11
420;92;1;11
421;92;2;11
422;92;2;11
423;93;2;13
424;93;2;13
425;93;2;13
426;94;1;8
427;94;1;8
428;95;1;13
429;95;1;13
430;95;2;13
431;95;2;13
432;95;2;13
433;96;1;13
434;96;1;13
435;96;1;13
436;97;1;1
437;97;1;1
438;97;1;1
439;97;1;1
440;97;2;1
441;97;2;1
442;98;1;7
443;98;1;7
444;98;1;7
445;99;1;5
446;99;1;5
447;99;1;5
448;99;2;5
449;99;2;5
450;99;2;5
451;100;1;9
452;100;1;9
453;100;1;9
454;100;1;9
455;100;2;9
456;100;2;9
457;101;1;6
458;101;1;6
459;101;1;6
460;101;1;6
461;101;2;6
462;101;2;6
463;102;2;15
464;102;2;15
465;103;1;16
466;103;1;16
467;103;1;16
468;103;1;16
469;103;2;16
470;103;2;16
471;103;2;16
472;103;2;16
473;104;2;9
474;104;2;9
475;104;2;9
476;105;1;1
477;105;1;1
478;105;2;1
479;105;2;1
480;105;2;1
481;106;1;10
482;106;1;10
483;107;2;7
484;107;2;7
485;109;1;13
486;109;1;13
487;109;1;13
488;109;1;13
489;109;2;13
490;109;2;13
491;109;2;13
492;109;2;13
493;110;1;3
494;110;1;3
495;110;1;3
496;110;1;3
497;111;2;1
498;111;2;1
499;111;2;1
500;111;2;1
501;112;1;9
502;112;1;9
503;112;1;9
504;112;1;9
505;112;2;9
506;112;2;9
507;112;2;9
508;113;2;15
509;113;2;15
510;113;2;15
511;113;2;15
512;114;1;14
513;114;1;14
514;114;1;14
515;114;1;14
516;114;2;14
517;114;2;14
518;114;2;14
519;115;1;1
520;115;1;1
521;115;1;1
522;115;2;1
523;115;2;1
524;115;2;1
525;115;2;1
526;116;1;4
527;116;1;4
528;116;2;4
529;116;2;4
530;116;2;4
531;116;2;4
532;117;1;10
533;117;1;10
534;117;1;10
535;117;1;10
536;117;2;10
537;117;2;10
538;118;1;2
539;118;1;2
540;118;1;2
541;118;1;2
542;118;2;2
543;118;2;2
544;119;1;5
545;119;1;5
546;119;1;5
547;119;2;5
548;119;2;5
549;119;2;5
550;119;2;5
551;120;1;15
552;120;1;15
553;120;1;15
554;121;1;2
555;121;1;2
556;121;1;2
557;121;2;2
558;121;2;2
559;121;2;2
560;122;1;11
561;122;1;11
562;122;1;11
563;122;1;11
564;122;2;11
565;122;2;11
566;122;2;11
567;123;1;16
568;123;1;16
569;123;2;16
570;123;2;16
571;123;2;16
572;124;2;3
573;124;2;3
574;124;2;3
575;125;2;16
576;125;2;16
577;126;2;1
578;126;2;1
579;126;2;1
580;127;1;5
581;127;1;5
582;127;1;5
583;127;1;5
584;127;2;5
585;127;2;5
586;127;2;5
587;127;2;5
588;129;1;6
589;129;1;6
590;129;1;6
591;129;2;6
592;129;2;6
593;129;2;6
594;130;1;1
595;130;1;1
596;130;2;1
597;130;2;1
598;130;2;1
599;130;2;1
600;131;1;4
601;131;1;4
602;131;1;4
603;131;1;4
604;131;2;4
605;131;2;4
606;132;1;14
607;132;1;14
608;132;1;14
609;132;1;14
610;132;2;14
611;132;2;14
612;133;1;12
613;133;1;12
614;133;2;12
615;133;2;12
616;134;2;2
617;134;2;2
618;134;2;2
619;135;1;15
620;135;1;15
621;135;1;15
622;135;2;15
623;135;2;15
624;135;2;15
625;135;2;15
626;136;1;13
627;136;1;13
628;136;1;13
629;137;2;14
630;137;2;14
631;137;2;14
632;137;2;14
633;138;1;14
634;138;1;14
635;138;2;14
636;138;2;14
637;138;2;14
638;139;1;8
639;139;1;8
640;139;1;8
641;139;1;8
642;139;2;8
643;139;2;8
644;140;1;14
645;140;1;14
646;140;2;14
647;140;2;14
648;140;2;14
649;141;1;10
650;141;1;10
651;141;1;10
652;141;2;10
653;141;2;10
654;142;1;6
655;142;1;6
656;142;1;6
657;142;2;6
658;142;2;6
659;143;1;7
660;143;1;7
661;143;1;7
662;143;1;7
663;143;2;7
664;143;2;7
665;143;2;7
666;145;2;8
667;145;2;8
668;145;2;8
669;146;1;7
670;146;1;7
671;146;1;7
672;147;1;8
673;147;1;8
674;147;1;8
675;147;2;8
676;147;2;8
677;147;2;8
678;149;1;3
679;149;1;3
680;149;1;3
681;149;2;3
682;149;2;3
683;149;2;3
684;150;1;6
685;150;1;6
686;150;2;6
687;150;2;6
688;150;2;6
689;150;2;6
690;151;1;14
691;151;1;14
692;151;2;14
693;151;2;14
694;152;1;3
695;152;1;3
696;152;1;3
697;152;1;3
698;153;1;14
699;153;1;14
700;153;1;14
701;153;1;14
702;154;1;2
703;154;1;2
704;154;1;2
705;154;2;2
706;154;2;2
707;154;2;2
708;154;2;2
709;155;1;13
710;155;1;13
711;155;2;13
712;155;2;13
713;155;2;13
714;156;2;6
715;156;2;6
716;157;2;3
717;157;2;3
718;157;2;3
719;158;1;12
720;158;1;12
721;158;2;12
722;158;2;12
723;158;2;12
724;159;1;5
725;159;1;5
726;159;1;5
727;159;1;5
728;159;2;5
729;159;2;5
730;159;2;5
731;160;1;2
732;160;1;2
733;160;2;2
734;160;2;2
735;160;2;2
736;161;1;12
737;161;1;12
738;162;1;1
739;162;1;1
740;162;1;1
741;162;2;1
742;162;2;1
743;162;2;1
744;162;2;1
745;163;2;13
746;163;2;13
747;163;2;13
748;164;1;6
749;164;1;6
750;164;2;6
751;164;2;6
752;164;2;6
753;165;1;14
754;165;1;14
755;165;1;14
756;165;2;14
757;165;2;14
758;166;1;4
759;166;1;4
760;166;1;4
761;166;1;4
762;166;2;4
763;166;2;4
764;167;1;16
765;167;1;16
766;167;1;16
767;167;1;16
768;167;2;16
769;167;2;16
770;167;2;16
771;168;1;3
772;168;1;3
773;169;1;16
774;169;1;16
775;169;2;16
776;169;2;16
777;170;1;9
778;170;1;9
779;170;2;9
780;170;2;9
781;170;2;9
782;170;2;9
783;172;1;7
784;172;1;7
785;172;1;7
786;172;1;7
787;172;2;7
788;172;2;7
789;172;2;7
790;173;1;7
791;173;1;7
792;173;1;7
793;173;2;7
794;173;2;7
795;174;1;12
796;174;1;12
797;174;1;12
798;174;1;12
799;174;2;12
800;174;2;12
801;174;2;12
802;174;2;12
803;175;1;8
804;175;1;8
805;175;2;8
806;175;2;8
807;175;2;8
808;176;1;15
809;176;1;15
810;176;2;15
811;176;2;15
812;176;2;15
813;176;2;15
814;177;2;14
815;177;2;14
816;177;2;14
817;178;1;5
818;178;1;5
819;179;1;7
820;179;1;7
821;179;1;7
822;179;1;7
823;180;2;4
824;180;2;4
825;181;1;16
826;181;1;16
827;181;1;16
828;181;2;16
829;181;2;16
830;181;2;16
831;181;2;16
832;182;1;5
833;182;1;5
834;183;1;8
835;183;1;8
836;183;1;8
837;183;2;8
838;183;2;8
839;183;2;8
840;184;1;4
841;184;1;4
842;184;2;4
843;184;2;4
844;184;2;4
845;185;1;9
846;185;1;9
847;186;1;7
848;186;1;7
849;186;2;7
850;186;2;7
851;187;2;15
852;187;2;15
853;187;2;15
854;188;1;5
855;188;1;5
856;188;1;5
857;189;1;10
858;189;1;10
859;189;2;10
860;189;2;10
861;189;2;10
862;189;2;10
863;190;2;4
864;190;2;4
865;190;2;4
866;190;2;4
867;191;1;3
868;191;1;3
869;191;1;3
870;191;2;3
871;191;2;3
872;191;2;3
873;193;1;2
874;193;1;2
875;193;1;2
876;193;1;2
877;193;2;2
878;193;2;2
879;193;2;2
880;193;2;2
881;194;1;1
882;194;1;1
883;194;2;1
884;194;2;1
885;196;1;4
886;196;1;4
887;197;1;15
888;197;1;15
889;199;1;6
890;199;1;6
891;199;1;6
892;199;1;6
893;199;2;6
894;199;2;6
895;199;2;6
896;199;2;6
897;200;1;10
898;200;1;10
899;200;1;10
900;200;1;10
901;200;2;10
902;200;2;10
903;200;2;10
904;200;2;10
905;201;1;9
906;201;1;9
907;201;1;9
908;201;1;9
909;202;1;5
910;202;1;5
911;202;1;5
912;203;2;14
913;203;2;14
914;203;2;14
915;203;2;14
916;204;1;7
917;204;1;7
918;204;1;7
919;204;1;7
920;204;2;7
921;204;2;7
922;205;1;1
923;205;1;1
924;205;1;1
925;205;1;1
926;206;1;6
927;206;1;6
928;206;1;6
929;206;1;6
930;206;2;6
931;206;2;6
932;206;2;6
933;206;2;6
934;207;1;9
935;207;1;9
936;207;1;9
937;207;1;9
938;208;1;2
939;208;1;2
940;208;1;2
941;209;1;7
942;209;1;7
943;209;1;7
944;209;1;7
945;210;2;1
946;210;2;1
947;210;2;1
948;211;1;10
949;211;1;10
950;212;1;1
951;212;1;1
952;212;1;1
953;212;2;1
954;212;2;1
955;213;1;8
956;213;1;8
957;213;1;8
958;213;1;8
959;214;2;3
960;214;2;3
961;214;2;3
962;214;2;3
963;215;1;10
964;215;1;10
965;215;1;10
966;215;2;10
967;215;2;10
968;215;2;10
969;216;1;13
970;216;1;13
971;216;2;13
972;216;2;13
973;216;2;13
974;218;1;7
975;218;1;7
976;218;1;7
977;218;1;7
978;218;2;7
979;218;2;7
980;218;2;7
981;219;1;6
982;219;1;6
983;219;1;6
984;219;1;6
985;220;1;12
986;220;1;12
987;220;1;12
988;220;1;12
989;220;2;12
990;220;2;12
991;220;2;12
992;220;2;12
993;222;1;11
994;222;1;11
995;222;2;11
996;222;2;11
997;222;2;11
998;222;2;11
999;223;2;2
1000;223;2;2
1001;224;1;16
1002;224;1;16
1003;225;1;7
1004;225;1;7
1005;225;1;7
1006;226;1;13
1007;226;1;13
1008;226;2;13
1009;226;2;13
1010;226;2;13
1011;227;1;10
1012;227;1;10
1013;227;1;10
1014;227;2;10
1015;227;2;10
1016;228;1;4
1017;228;1;4
1018;228;1;4
1019;228;2;4
1020;228;2;4
1021;228;2;4
1022;228;2;4
1023;229;1;1
1024;229;1;1
1025;229;2;1
1026;229;2;1
1027;230;1;7
1028;230;1;7
1029;231;1;8
1030;231;1;8
1031;231;1;8
1032;231;1;8
1033;231;2;8
1034;231;2;8
1035;231;2;8
1036;231;2;8
1037;232;1;10
1038;232;1;10
1039;232;1;10
1040;232;2;10
1041;232;2;10
1042;233;1;16
1043;233;1;16
1044;233;1;16
1045;233;1;16
1046;233;2;16
1047;233;2;16
1048;234;1;14
1049;234;1;14
1050;234;1;14
1051;234;1;14
1052;234;2;14
1053;234;2;14
1054;234;2;14
1055;235;1;14
1056;235;1;14
1057;235;2;14
1058;235;2;14
1059;235;2;14
1060;235;2;14
1061;236;2;10
1062;236;2;10
1063;236;2;10
1064;236;2;10
1065;237;1;15
1066;237;1;15
1067;238;1;3
1068;238;1;3
1069;239;1;2
1070;239;1;2
1071;239;1;2
1072;239;1;2
1073;239;2;2
1074;239;2;2
1075;239;2;2
1076;239;2;2
1077;240;2;14
1078;240;2;14
1079;240;2;14
1080;241;1;2
1081;241;1;2
1082;241;1;2
1083;241;1;2
1084;242;1;5
1085;242;1;5
1086;242;2;5
1087;242;2;5
1088;242;2;5
1089;243;1;2
1090;243;1;2
1091;243;2;2
1092;243;2;2
1093;243;2;2
1094;243;2;2
1095;244;1;12
1096;244;1;12
1097;244;1;12
1098;244;1;12
1099;244;2;12
1100;244;2;12
1101;244;2;12
1102;245;1;2
1103;245;1;2
1104;245;1;2
1105;245;2;2
1106;245;2;2
1107;245;2;2
1108;245;2;2
1109;246;2;9
1110;246;2;9
1111;246;2;9
1112;247;1;5
1113;247;1;5
1114;247;1;5
1115;247;2;5
1116;247;2;5
1117;247;2;5
1118;247;2;5
1119;248;2;6
1120;248;2;6
1121;249;1;4
1122;249;1;4
1123;249;2;4
1124;249;2;4
1125;249;2;4
1126;249;2;4
1127;250;2;1
1128;250;2;1
1129;250;2;1
1130;250;2;1
1131;251;1;13
1132;251;1;13
1133;251;2;13
1134;251;2;13
1135;251;2;13
1136;252;1;1
1137;252;1;1
1138;252;1;1
1139;252;2;1
1140;252;2;1
1141;252;2;1
1142;253;1;1
1143;253;1;1
1144;253;1;1
1145;253;1;1
1146;253;2;1
1147;253;2;1
1148;254;1;15
1149;254;1;15
1150;254;2;15
1151;254;2;15
1152;254;2;15
1153;255;1;12
1154;255;1;12
1155;255;1;12
1156;255;1;12
1157;255;2;12
1158;255;2;12
1159;256;2;15
1160;256;2;15
1161;256;2;15
1162;257;2;16
1163;257;2;16
1164;257;2;16
1165;258;2;11
1166;258;2;11
1167;258;2;11
1168;258;2;11
1169;259;1;2
1170;259;1;2
1171;260;2;15
1172;260;2;15
1173;260;2;15
1174;260;2;15
1175;261;1;6
1176;261;1;6
1177;262;2;8
1178;262;2;8
1179;263;1;15
1180;263;1;15
1181;263;1;15
1182;263;1;15
1183;263;2;15
1184;263;2;15
1185;263;2;15
1186;264;2;10
1187;264;2;10
1188;265;1;5
1189;265;1;5
1190;265;1;5
1191;265;1;5
1192;266;1;4
1193;266;1;4
1194;266;1;4
1195;266;1;4
1196;266;2;4
1197;266;2;4
1198;266;2;4
1199;266;2;4
1200;267;1;13
1201;267;1;13
1202;267;1;13
1203;267;1;13
1204;267;2;13
1205;267;2;13
1206;268;2;2
1207;268;2;2
1208;269;1;8
1209;269;1;8
1210;269;2;8
1211;269;2;8
1212;269;2;8
1213;269;2;8
1214;270;1;13
1215;270;1;13
1216;270;1;13
1217;270;2;13
1218;270;2;13
1219;270;2;13
1220;270;2;13
1221;271;1;1
1222;271;1;1
1223;271;1;1
1224;271;2;1
1225;271;2;1
1226;272;1;7
1227;272;1;7
1228;272;1;7
1229;272;1;7
1230;273;1;8
1231;273;1;8
1232;273;1;8
1233;273;1;8
1234;273;2;8
1235;273;2;8
1236;273;2;8
1237;274;1;6
1238;274;1;6
1239;274;1;6
1240;274;2;6
1241;274;2;6
1242;274;2;6
1243;274;2;6
1244;275;1;11
1245;275;1;11
1246;275;1;11
1247;275;2;11
1248;275;2;11
1249;276;1;5
1250;276;1;5
1251;276;1;5
1252;276;1;5
1253;277;1;11
1254;277;1;11
1255;277;1;11
1256;278;1;12
1257;278;1;12
1258;279;1;15
1259;279;1;15
1260;280;1;3
1261;280;1;3
1262;280;1;3
1263;280;1;3
1264;280;2;3
1265;280;2;3
1266;281;1;10
1267;281;1;10
1268;281;2;10
1269;281;2;10
1270;281;2;10
1271;281;2;10
1272;282;1;7
1273;282;1;7
1274;282;1;7
1275;282;2;7
1276;282;2;7
1277;282;2;7
1278;283;1;13
1279;283;1;13
1280;283;1;13
1281;284;1;12
1282;284;1;12
1283;284;1;12
1284;284;2;12
1285;284;2;12
1286;284;2;12
1287;284;2;12
1288;285;1;14
1289;285;1;14
1290;285;1;14
1291;285;2;14
1292;285;2;14
1293;285;2;14
1294;285;2;14
1295;286;1;16
1296;286;1;16
1297;286;2;16
1298;286;2;16
1299;286;2;16
1300;287;1;1
1301;287;1;1
1302;287;2;1
1303;287;2;1
1304;288;1;16
1305;288;1;16
1306;288;2;16
1307;288;2;16
1308;288;2;16
1309;288;2;16
1310;289;1;13
1311;289;1;13
1312;290;1;9
1313;290;1;9
1314;290;1;9
1315;291;1;15
1316;291;1;15
1317;291;1;15
1318;291;1;15
1319;292;1;1
1320;292;1;1
1321;292;1;1
1322;292;2;1
1323;292;2;1
1324;292;2;1
1325;293;1;15
1326;293;1;15
1327;293;2;15
1328;293;2;15
1329;293;2;15
1330;294;1;16
1331;294;1;16
1332;294;2;16
1333;294;2;16
1334;294;2;16
1335;295;1;6
1336;295;1;6
1337;295;1;6
1338;295;1;6
1339;295;2;6
1340;295;2;6
1341;295;2;6
1342;295;2;6
1343;296;1;14
1344;296;1;14
1345;296;1;14
1346;296;1;14
1347;297;2;4
1348;297;2;4
1349;298;1;14
1350;298;1;14
1351;298;2;14
1352;298;2;14
1353;298;2;14
1354;299;1;16
1355;299;1;16
1356;299;1;16
1357;299;1;16
1358;300;1;2
1359;300;1;2
1360;300;2;2
1361;300;2;2
1362;300;2;2
1363;300;2;2
1364;301;1;11
1365;301;1;11
1366;301;1;11
1367;301;1;11
1368;301;2;11
1369;301;2;11
1370;301;2;11
1371;301;2;11
1372;302;1;10
1373;302;1;10
1374;302;2;10
1375;302;2;10
1376;302;2;10
1377;302;2;10
1378;303;1;1
1379;303;1;1
1380;303;1;1
1381;303;1;1
1382;303;2;1
1383;303;2;1
1384;304;1;3
1385;304;1;3
1386;304;1;3
1387;304;1;3
1388;304;2;3
1389;304;2;3
1390;305;1;13
1391;305;1;13
1392;305;1;13
1393;305;1;13
1394;305;2;13
1395;305;2;13
1396;305;2;13
1397;306;1;10
1398;306;1;10
1399;306;1;10
1400;307;1;16
1401;307;1;16
1402;307;1;16
1403;307;2;16
1404;307;2;16
1405;307;2;16
1406;308;1;5
1407;308;1;5
1408;308;2;5
1409;308;2;5
1410;309;1;8
1411;309;1;8
1412;309;2;8
1413;309;2;8
1414;309;2;8
1415;309;2;8
1416;310;1;10
1417;310;1;10
1418;311;1;9
1419;311;1;9
1420;311;1;9
1421;311;2;9
1422;311;2;9
1423;311;2;9
1424;311;2;9
1425;312;2;14
1426;312;2;14
1427;312;2;14
1428;313;1;11
1429;313;1;11
1430;313;1;11
1431;313;1;11
1432;313;2;11
1433;313;2;11
1434;314;1;2
1435;314;1;2
1436;314;2;2
1437;314;2;2
1438;314;2;2
1439;314;2;2
1440;315;2;8
1441;315;2;8
1442;315;2;8
1443;316;2;10
1444;316;2;10
1445;317;1;5
1446;317;1;5
1447;317;1;5
1448;317;1;5
1449;317;2;5
1450;317;2;5
1451;317;2;5
1452;319;1;14
1453;319;1;14
1454;319;1;14
1455;319;2;14
1456;319;2;14
1457;319;2;14
1458;319;2;14
1459;320;1;13
1460;320;1;13
1461;320;1;13
1462;320;2;13
1463;320;2;13
1464;320;2;13
1465;320;2;13
1466;321;1;13
1467;321;1;13
1468;321;1;13
1469;321;1;13
1470;322;1;15
1471;322;1;15
1472;322;1;15
1473;322;1;15
1474;322;2;15
1475;322;2;15
1476;323;2;15
1477;323;2;15
1478;323;2;15
1479;323;2;15
1480;324;1;5
1481;324;1;5
1482;324;1;5
1483;324;2;5
1484;324;2;5
1485;326;1;2
1486;326;1;2
1487;326;2;2
1488;326;2;2
1489;326;2;2
1490;326;2;2
1491;327;1;1
1492;327;1;1
1493;327;1;1
1494;327;1;1
1495;327;2;1
1496;327;2;1
1497;328;2;3
1498;328;2;3
1499;328;2;3
1500;328;2;3
1501;329;1;1
1502;329;1;1
1503;329;1;1
1504;329;2;1
1505;329;2;1
1506;329;2;1
1507;330;1;2
1508;330;1;2
1509;330;1;2
1510;330;1;2
1511;330;2;2
1512;330;2;2
1513;330;2;2
1514;331;1;10
1515;331;1;10
1516;331;1;10
1517;331;1;10
1518;331;2;10
1519;331;2;10
1520;331;2;10
1521;331;2;10
1522;333;1;12
1523;333;1;12
1524;333;2;12
1525;333;2;12
1526;334;1;11
1527;334;1;11
1528;334;2;11
1529;334;2;11
1530;334;2;11
1531;334;2;11
1532;335;1;5
1533;335;1;5
1534;336;1;6
1535;336;1;6
1536;336;1;6
1537;336;2;6
1538;336;2;6
1539;337;1;9
1540;337;1;9
1541;337;2;9
1542;337;2;9
1543;338;2;14
1544;338;2;14
1545;338;2;14
1546;339;2;16
1547;339;2;16
1548;339;2;16
1549;340;1;13
1550;340;1;13
1551;341;1;4
1552;341;1;4
1553;341;1;4
1554;341;1;4
1555;341;2;4
1556;341;2;4
1557;341;2;4
1558;341;2;4
1559;342;1;16
1560;342;1;16
1561;342;1;16
1562;342;1;16
1563;343;1;3
1564;343;1;3
1565;344;1;3
1566;344;1;3
1567;344;1;3
1568;344;2;3
1569;344;2;3
1570;345;1;8
1571;345;1;8
1572;345;1;8
1573;345;2;8
1574;345;2;8
1575;346;1;4
1576;346;1;4
1577;346;2;4
1578;346;2;4
1579;346;2;4
1580;346;2;4
1581;347;1;16
1582;347;1;16
1583;347;1;16
1584;347;1;16
1585;348;2;8
1586;348;2;8
1587;348;2;8
1588;348;2;8
1589;349;1;2
1590;349;1;2
1591;349;1;2
1592;349;1;2
1593;349;2;2
1594;349;2;2
1595;349;2;2
1596;350;1;14
1597;350;1;14
1598;350;1;14
1599;350;1;14
1600;350;2;14
1601;350;2;14
1602;350;2;14
1603;350;2;14
1604;351;1;11
1605;351;1;11
1606;351;1;11
1607;351;2;11
1608;351;2;11
1609;351;2;11
1610;352;2;10
1611;352;2;10
1612;352;2;10
1613;352;2;10
1614;353;1;9
1615;353;1;9
1616;353;2;9
1617;353;2;9
1618;353;2;9
1619;353;2;9
1620;354;1;3
1621;354;1;3
1622;354;1;3
1623;354;2;3
1624;354;2;3
1625;355;2;2
1626;355;2;2
1627;356;1;3
1628;356;1;3
1629;356;1;3
1630;356;1;3
1631;356;2;3
1632;356;2;3
1633;356;2;3
1634;356;2;3
1635;357;2;4
1636;357;2;4
1637;357;2;4
1638;357;2;4
1639;358;1;4
1640;358;1;4
1641;358;1;4
1642;358;1;4
1643;358;2;4
1644;358;2;4
1645;358;2;4
1646;358;2;4
1647;360;1;1
1648;360;1;1
1649;360;1;1
1650;360;1;1
1651;361;1;15
1652;361;1;15
1653;361;1;15
1654;361;1;15
1655;361;2;15
1656;361;2;15
1657;361;2;15
1658;361;2;15
1659;362;1;10
1660;362;1;10
1661;363;1;12
1662;363;1;12
1663;363;1;12
1664;363;2;12
1665;363;2;12
1666;363;2;12
1667;364;1;13
1668;364;1;13
1669;364;1;13
1670;365;1;5
1671;365;1;5
1672;365;2;5
1673;365;2;5
1674;366;1;7
1675;366;1;7
1676;366;1;7
1677;366;1;7
1678;366;2;7
1679;366;2;7
1680;366;2;7
1681;367;1;14
1682;367;1;14
1683;367;1;14
1684;367;1;14
1685;367;2;14
1686;367;2;14
1687;367;2;14
1688;368;1;7
1689;368;1;7
1690;369;1;14
1691;369;1;14
1692;369;1;14
1693;369;1;14
1694;369;2;14
1695;369;2;14
1696;369;2;14
1697;369;2;14
1698;370;1;3
1699;370;1;3
1700;370;1;3
1701;370;2;3
1702;370;2;3
1703;371;1;1
1704;371;1;1
1705;371;1;1
1706;372;1;15
1707;372;1;15
1708;373;1;3
1709;373;1;3
1710;373;1;3
1711;373;2;3
1712;373;2;3
1713;374;1;14
1714;374;1;14
1715;374;1;14
1716;374;2;14
1717;374;2;14
1718;374;2;14
1719;374;2;14
1720;375;1;1
1721;375;1;1
1722;376;1;9
1723;376;1;9
1724;376;1;9
1725;376;1;9
1726;376;2;9
1727;376;2;9
1728;376;2;9
1729;377;1;8
1730;377;1;8
1731;377;1;8
1732;377;2;8
1733;377;2;8
1734;377;2;8
1735;378;1;12
1736;378;1;12
1737;378;1;12
1738;378;1;12
1739;378;2;12
1740;378;2;12
1741;378;2;12
1742;378;2;12
1743;379;2;7
1744;379;2;7
1745;379;2;7
1746;379;2;7
1747;380;1;9
1748;380;1;9
1749;380;2;9
1750;380;2;9
1751;380;2;9
1752;381;1;10
1753;381;1;10
1754;381;2;10
1755;381;2;10
1756;381;2;10
1757;382;1;10
1758;382;1;10
1759;382;1;10
1760;382;1;10
1761;382;2;10
1762;382;2;10
1763;382;2;10
1764;382;2;10
1765;383;1;15
1766;383;1;15
1767;383;1;15
1768;383;2;15
1769;383;2;15
1770;384;2;12
1771;384;2;12
1772;384;2;12
1773;385;1;5
1774;385;1;5
1775;385;2;5
1776;385;2;5
1777;385;2;5
1778;387;1;10
1779;387;1;10
1780;387;1;10
1781;387;2;10
1782;387;2;10
1783;387;2;10
1784;388;1;5
1785;388;1;5
1786;388;1;5
1787;388;2;5
1788;388;2;5
1789;388;2;5
1790;389;1;15
1791;389;1;15
1792;389;2;15
1793;389;2;15
1794;390;1;14
1795;390;1;14
1796;390;1;14
1797;391;1;8
1798;391;1;8
1799;391;1;8
1800;391;1;8
1801;391;2;8
1802;391;2;8
1803;391;2;8
1804;392;1;3
1805;392;1;3
1806;392;1;3
1807;392;1;3
1808;392;2;3
1809;392;2;3
1810;393;1;6
1811;393;1;6
1812;394;1;14
1813;394;1;14
1814;394;1;14
1815;394;1;14
1816;395;1;1
1817;395;1;1
1818;395;1;1
1819;395;2;1
1820;395;2;1
1821;395;2;1
1822;396;2;7
1823;396;2;7
1824;396;2;7
1825;396;2;7
1826;397;1;14
1827;397;1;14
1828;397;1;14
1829;397;2;14
1830;397;2;14
1831;397;2;14
1832;397;2;14
1833;398;2;12
1834;398;2;12
1835;398;2;12
1836;398;2;12
1837;399;2;9
1838;399;2;9
1839;400;1;6
1840;400;1;6
1841;401;1;7
1842;401;1;7
1843;402;1;2
1844;402;1;2
1845;402;1;2
1846;402;2;2
1847;402;2;2
1848;402;2;2
1849;403;1;7
1850;403;1;7
1851;403;1;7
1852;403;1;7
1853;403;2;7
1854;403;2;7
1855;403;2;7
1856;403;2;7
1857;405;2;16
1858;405;2;16
1859;406;1;10
1860;406;1;10
1861;406;2;10
1862;406;2;10
1863;406;2;10
1864;406;2;10
1865;407;1;6
1866;407;1;6
1867;408;1;10
1868;408;1;10
1869;408;1;10
1870;408;1;10
1871;408;2;10
1872;408;2;10
1873;408;2;10
1874;409;1;3
1875;409;1;3
1876;409;1;3
1877;409;1;3
1878;409;2;3
1879;409;2;3
1880;409;2;3
1881;410;1;5
1882;410;1;5
1883;410;1;5
1884;410;2;5
1885;410;2;5
1886;411;1;12
1887;411;1;12
1888;412;1;6
1889;412;1;6
1890;412;1;6
1891;412;1;6
1892;412;2;6
1893;412;2;6
1894;412;2;6
1895;412;2;6
1896;413;1;5
1897;413;1;5
1898;413;1;5
1899;414;1;9
1900;414;1;9
1901;414;1;9
1902;414;2;9
1903;414;2;9
1904;414;2;9
1905;415;1;11
1906;415;1;11
1907;415;1;11
1908;415;2;11
1909;415;2;11
1910;415;2;11
1911;416;1;9
1912;416;1;9
1913;416;2;9
1914;416;2;9
1915;416;2;9
1916;416;2;9
1917;417;1;1
1918;417;1;1
1919;417;1;1
1920;417;1;1
1921;417;2;1
1922;417;2;1
1923;418;1;7
1924;418;1;7
1925;418;1;7
1926;418;1;7
1927;418;2;7
1928;418;2;7
1929;418;2;7
1930;418;2;7
1931;420;1;15
1932;420;1;15
1933;420;2;15
1934;420;2;15
1935;420;2;15
1936;421;2;9
1937;421;2;9
1938;421;2;9
1939;421;2;9
1940;422;2;14
1941;422;2;14
1942;423;1;3
1943;423;1;3
1944;423;2;3
1945;423;2;3
1946;424;1;3
1947;424;1;3
1948;424;1;3
1949;424;2;3
1950;424;2;3
1951;425;2;4
1952;425;2;4
1953;426;2;12
1954;426;2;12
1955;426;2;12
1956;427;1;6
1957;427;1;6
1958;427;1;6
1959;427;1;6
1960;428;1;8
1961;428;1;8
1962;428;1;8
1963;428;1;8
1964;428;2;8
1965;428;2;8
1966;429;1;15
1967;429;1;15
1968;429;2;15
1969;429;2;15
1970;429;2;15
1971;429;2;15
1972;430;2;2
1973;430;2;2
1974;430;2;2
1975;430;2;2
1976;431;2;9
1977;431;2;9
1978;431;2;9
1979;432;1;4
1980;432;1;4
1981;432;1;4
1982;432;2;4
1983;432;2;4
1984;433;1;2
1985;433;1;2
1986;433;1;2
1987;433;1;2
1988;433;2;2
1989;433;2;2
1990;434;1;16
1991;434;1;16
1992;434;1;16
1993;434;1;16
1994;434;2;16
1995;434;2;16
1996;434;2;16
1997;434;2;16
1998;435;1;9
1999;435;1;9
2000;436;1;13
2001;436;1;13
2002;436;1;13
2003;436;2;13
2004;436;2;13
2005;436;2;13
2006;437;1;8
2007;437;1;8
2008;437;2;8
2009;437;2;8
2010;437;2;8
2011;437;2;8
2012;438;1;10
2013;438;1;10
2014;438;2;10
2015;438;2;10
2016;438;2;10
2017;439;1;7
2018;439;1;7
2019;439;1;7
2020;439;1;7
2021;439;2;7
2022;439;2;7
2023;440;1;9
2024;440;1;9
2025;440;2;9
2026;440;2;9
2027;441;1;6
2028;441;1;6
2029;442;1;8
2030;442;1;8
2031;442;1;8
2032;443;1;5
2033;443;1;5
2034;443;1;5
2035;443;2;5
2036;443;2;5
2037;443;2;5
2038;443;2;5
2039;444;1;5
2040;444;1;5
2041;444;1;5
2042;444;1;5
2043;444;2;5
2044;444;2;5
2045;444;2;5
2046;444;2;5
2047;445;1;4
2048;445;1;4
2049;445;1;4
2050;445;2;4
2051;445;2;4
2052;445;2;4
2053;446;1;15
2054;446;1;15
2055;446;2;15
2056;446;2;15
2057;447;1;10
2058;447;1;10
2059;447;1;10
2060;447;1;10
2061;447;2;10
2062;447;2;10
2063;447;2;10
2064;448;1;13
2065;448;1;13
2066;448;2;13
2067;448;2;13
2068;448;2;13
2069;449;2;14
2070;449;2;14
2071;449;2;14
2072;449;2;14
2073;450;1;3
2074;450;1;3
2075;450;1;3
2076;450;2;3
2077;450;2;3
2078;450;2;3
2079;450;2;3
2080;451;1;16
2081;451;1;16
2082;451;2;16
2083;451;2;16
2084;451;2;16
2085;452;2;9
2086;452;2;9
2087;452;2;9
2088;452;2;9
2089;453;1;15
2090;453;1;15
2091;453;1;15
2092;453;2;15
2093;453;2;15
2094;454;1;12
2095;454;1;12
2096;455;1;9
2097;455;1;9
2098;455;1;9
2099;455;1;9
2100;456;1;2
2101;456;1;2
2102;456;2;2
2103;456;2;2
2104;456;2;2
2105;456;2;2
2106;457;1;6
2107;457;1;6
2108;457;2;6
2109;457;2;6
2110;457;2;6
2111;457;2;6
2112;458;1;8
2113;458;1;8
2114;458;2;8
2115;458;2;8
2116;458;2;8
2117;458;2;8
2118;459;2;9
2119;459;2;9
2120;460;1;9
2121;460;1;9
2122;460;1;9
2123;460;1;9
2124;460;2;9
2125;460;2;9
2126;460;2;9
2127;460;2;9
2128;461;1;2
2129;461;1;2
2130;461;2;2
2131;461;2;2
2132;461;2;2
2133;461;2;2
2134;462;1;12
2135;462;1;12
2136;462;2;12
2137;462;2;12
2138;462;2;12
2139;463;1;15
2140;463;1;15
2141;463;1;15
2142;463;2;15
2143;463;2;15
2144;464;1;2
2145;464;1;2
2146;464;1;2
2147;464;1;2
2148;464;2;2
2149;464;2;2
2150;464;2;2
2151;465;1;13
2152;465;1;13
2153;465;2;13
2154;465;2;13
2155;465;2;13
2156;466;1;6
2157;466;1;6
2158;467;1;9
2159;467;1;9
2160;467;1;9
2161;467;1;9
2162;467;2;9
2163;467;2;9
2164;467;2;9
2165;468;1;3
2166;468;1;3
2167;468;1;3
2168;468;1;3
2169;468;2;3
2170;468;2;3
2171;468;2;3
2172;468;2;3
2173;469;2;4
2174;469;2;4
2175;469;2;4
2176;470;1;2
2177;470;1;2
2178;471;1;4
2179;471;1;4
2180;471;1;4
2181;471;2;4
2182;471;2;4
2183;471;2;4
2184;471;2;4
2185;472;2;16
2186;472;2;16
2187;473;1;7
2188;473;1;7
2189;473;2;7
2190;473;2;7
2191;473;2;7
2192;474;2;15
2193;474;2;15
2194;474;2;15
2195;474;2;15
2196;475;2;11
2197;475;2;11
2198;476;1;8
2199;476;1;8
2200;476;1;8
2201;476;2;8
2202;476;2;8
2203;476;2;8
2204;476;2;8
2205;477;2;12
2206;477;2;12
2207;477;2;12
2208;478;1;5
2209;478;1;5
2210;478;2;5
2211;478;2;5
2212;478;2;5
2213;479;1;8
2214;479;1;8
2215;479;2;8
2216;479;2;8
2217;479;2;8
2218;480;1;4
2219;480;1;4
2220;480;2;4
2221;480;2;4
2222;481;1;13
2223;481;1;13
2224;481;1;13
2225;481;2;13
2226;481;2;13
2227;481;2;13
2228;482;1;4
2229;482;1;4
2230;482;1;4
2231;483;1;10
2232;483;1;10
2233;483;1;10
2234;483;2;10
2235;483;2;10
2236;484;1;4
2237;484;1;4
2238;484;1;4
2239;484;1;4
2240;484;2;4
2241;484;2;4
2242;484;2;4
2243;485;2;3
2244;485;2;3
2245;485;2;3
2246;486;1;9
2247;486;1;9
2248;486;1;9
2249;486;1;9
2250;486;2;9
2251;486;2;9
2252;487;2;4
2253;487;2;4
2254;487;2;4
2255;488;1;15
2256;488;1;15
2257;488;2;15
2258;488;2;15
2259;488;2;15
2260;489;1;2
2261;489;1;2
2262;489;1;2
2263;489;1;2
2264;489;2;2
2265;489;2;2
2266;489;2;2
2267;489;2;2
2268;490;1;13
2269;490;1;13
2270;491;1;3
2271;491;1;3
2272;491;2;3
2273;491;2;3
2274;491;2;3
2275;491;2;3
2276;492;1;13
2277;492;1;13
2278;493;2;9
2279;493;2;9
2280;493;2;9
2281;494;1;11
2282;494;1;11
2283;494;1;11
2284;494;1;11
2285;494;2;11
2286;494;2;11
2287;496;1;16
2288;496;1;16
2289;496;2;16
2290;496;2;16
2291;496;2;16
2292;498;1;8
2293;498;1;8
2294;499;1;8
2295;499;1;8
2296;500;1;9
2297;500;1;9
2298;500;1;9
2299;500;1;9
2300;500;2;9
2301;500;2;9
2302;500;2;9
2303;500;2;9
2304;501;1;1
2305;501;1;1
2306;501;1;1
2307;501;2;1
2308;501;2;1
2309;502;1;5
2310;502;1;5
2311;502;1;5
2312;502;1;5
2313;502;2;5
2314;502;2;5
2315;502;2;5
2316;503;1;15
2317;503;1;15
2318;503;1;15
2319;504;1;7
2320;504;1;7
2321;504;1;7
2322;504;1;7
2323;504;2;7
2324;504;2;7
2325;505;2;3
2326;505;2;3
2327;505;2;3
2328;505;2;3
2329;506;1;11
2330;506;1;11
2331;506;1;11
2332;506;1;11
2333;506;2;11
2334;506;2;11
2335;507;2;10
2336;507;2;10
2337;508;2;10
2338;508;2;10
2339;508;2;10
2340;509;2;3
2341;509;2;3
2342;509;2;3
2343;510;1;2
2344;510;1;2
2345;510;1;2
2346;510;1;2
2347;511;1;1
2348;511;1;1
2349;511;2;1
2350;511;2;1
2351;511;2;1
2352;512;1;4
2353;512;1;4
2354;512;2;4
2355;512;2;4
2356;512;2;4
2357;512;2;4
2358;513;2;16
2359;513;2;16
2360;514;1;7
2361;514;1;7
2362;514;2;7
2363;514;2;7
2364;514;2;7
2365;514;2;7
2366;515;2;3
2367;515;2;3
2368;516;2;12
2369;516;2;12
2370;516;2;12
2371;517;2;15
2372;517;2;15
2373;518;1;16
2374;518;1;16
2375;518;2;16
2376;518;2;16
2377;518;2;16
2378;518;2;16
2379;519;2;15
2380;519;2;15
2381;519;2;15
2382;519;2;15
2383;520;1;14
2384;520;1;14
2385;521;1;7
2386;521;1;7
2387;521;1;7
2388;521;1;7
2389;521;2;7
2390;521;2;7
2391;521;2;7
2392;522;2;5
2393;522;2;5
2394;523;1;4
2395;523;1;4
2396;524;1;5
2397;524;1;5
2398;524;2;5
2399;524;2;5
2400;524;2;5
2401;524;2;5
2402;525;1;4
2403;525;1;4
2404;525;1;4
2405;525;1;4
2406;525;2;4
2407;525;2;4
2408;525;2;4
2409;525;2;4
2410;526;2;16
2411;526;2;16
2412;526;2;16
2413;526;2;16
2414;527;1;11
2415;527;1;11
2416;527;2;11
2417;527;2;11
2418;527;2;11
2419;527;2;11
2420;528;1;8
2421;528;1;8
2422;528;1;8
2423;529;1;5
2424;529;1;5
2425;529;1;5
2426;529;1;5
2427;530;1;1
2428;530;1;1
2429;530;1;1
2430;531;1;9
2431;531;1;9
2432;531;1;9
2433;531;1;9
2434;531;2;9
2435;531;2;9
2436;531;2;9
2437;531;2;9
2438;532;2;15
2439;532;2;15
2440;532;2;15
2441;532;2;15
2442;533;1;9
2443;533;1;9
2444;533;1;9
2445;534;1;8
2446;534;1;8
2447;534;2;8
2448;534;2;8
2449;534;2;8
2450;535;1;11
2451;535;1;11
2452;535;1;11
2453;535;1;11
2454;536;1;4
2455;536;1;4
2456;536;1;4
2457;536;2;4
2458;536;2;4
2459;537;2;4
2460;537;2;4
2461;537;2;4
2462;538;2;13
2463;538;2;13
2464;538;2;13
2465;539;1;7
2466;539;1;7
2467;540;1;12
2468;540;1;12
2469;540;1;12
2470;541;2;2
2471;541;2;2
2472;542;1;1
2473;542;1;1
2474;542;1;1
2475;542;1;1
2476;542;2;1
2477;542;2;1
2478;543;1;16
2479;543;1;16
2480;544;1;6
2481;544;1;6
2482;544;2;6
2483;544;2;6
2484;545;1;9
2485;545;1;9
2486;545;1;9
2487;545;1;9
2488;545;2;9
2489;545;2;9
2490;546;2;10
2491;546;2;10
2492;546;2;10
2493;546;2;10
2494;547;2;3
2495;547;2;3
2496;548;1;4
2497;548;1;4
2498;549;1;1
2499;549;1;1
2500;549;2;1
2501;549;2;1
2502;550;1;8
2503;550;1;8
2504;550;1;8
2505;551;1;13
2506;551;1;13
2507;551;1;13
2508;551;2;13
2509;551;2;13
2510;551;2;13
2511;552;2;6
2512;552;2;6
2513;552;2;6
2514;552;2;6
2515;553;2;3
2516;553;2;3
2517;553;2;3
2518;554;1;4
2519;554;1;4
2520;554;1;4
2521;554;1;4
2522;554;2;4
2523;554;2;4
2524;554;2;4
2525;555;1;5
2526;555;1;5
2527;555;1;5
2528;555;2;5
2529;555;2;5
2530;555;2;5
2531;555;2;5
2532;556;1;10
2533;556;1;10
2534;556;1;10
2535;556;2;10
2536;556;2;10
2537;556;2;10
2538;556;2;10
2539;557;1;8
2540;557;1;8
2541;557;2;8
2542;557;2;8
2543;557;2;8
2544;558;2;13
2545;558;2;13
2546;559;1;14
2547;559;1;14
2548;559;1;14
2549;559;1;14
2550;559;2;14
2551;559;2;14
2552;559;2;14
2553;559;2;14
2554;560;1;10
2555;560;1;10
2556;560;1;10
2557;560;2;10
2558;560;2;10
2559;561;1;13
2560;561;1;13
2561;561;1;13
2562;561;1;13
2563;562;1;12
2564;562;1;12
2565;562;1;12
2566;562;1;12
2567;562;2;12
2568;562;2;12
2569;563;1;10
2570;563;1;10
2571;563;1;10
2572;563;1;10
2573;563;2;10
2574;563;2;10
2575;563;2;10
2576;564;2;2
2577;564;2;2
2578;564;2;2
2579;565;1;9
2580;565;1;9
2581;566;1;9
2582;566;1;9
2583;567;1;9
2584;567;1;9
2585;567;2;9
2586;567;2;9
2587;568;1;5
2588;568;1;5
2589;568;2;5
2590;568;2;5
2591;569;1;2
2592;569;1;2
2593;570;1;15
2594;570;1;15
2595;570;2;15
2596;570;2;15
2597;570;2;15
2598;571;1;6
2599;571;1;6
2600;571;2;6
2601;571;2;6
2602;571;2;6
2603;571;2;6
2604;572;1;14
2605;572;1;14
2606;572;1;14
2607;572;1;14
2608;572;2;14
2609;572;2;14
2610;572;2;14
2611;572;2;14
2612;573;1;3
2613;573;1;3
2614;573;1;3
2615;573;1;3
2616;574;1;1
2617;574;1;1
2618;574;2;1
2619;574;2;1
2620;574;2;1
2621;575;1;6
2622;575;1;6
2623;575;2;6
2624;575;2;6
2625;575;2;6
2626;575;2;6
2627;576;2;6
2628;576;2;6
2629;576;2;6
2630;577;1;15
2631;577;1;15
2632;577;1;15
2633;578;1;4
2634;578;1;4
2635;578;2;4
2636;578;2;4
2637;578;2;4
2638;579;1;1
2639;579;1;1
2640;579;1;1
2641;579;1;1
2642;579;2;1
2643;579;2;1
2644;579;2;1
2645;580;1;13
2646;580;1;13
2647;580;1;13
2648;580;1;13
2649;580;2;13
2650;580;2;13
2651;581;1;12
2652;581;1;12
2653;581;1;12
2654;582;2;2
2655;582;2;2
2656;583;1;2
2657;583;1;2
2658;583;1;2
2659;583;2;2
2660;583;2;2
2661;584;1;9
2662;584;1;9
2663;585;2;7
2664;585;2;7
2665;585;2;7
2666;585;2;7
2667;586;1;1
2668;586;1;1
2669;586;1;1
2670;586;1;1
2671;586;2;1
2672;586;2;1
2673;586;2;1
2674;586;2;1
2675;587;1;6
2676;587;1;6
2677;587;1;6
2678;588;2;3
2679;588;2;3
2680;588;2;3
2681;588;2;3
2682;589;2;6
2683;589;2;6
2684;589;2;6
2685;589;2;6
2686;590;1;13
2687;590;1;13
2688;590;1;13
2689;590;2;13
2690;590;2;13
2691;590;2;13
2692;590;2;13
2693;591;2;10
2694;591;2;10
2695;591;2;10
2696;592;1;12
2697;592;1;12
2698;592;2;12
2699;592;2;12
2700;593;2;11
2701;593;2;11
2702;593;2;11
2703;593;2;11
2704;594;1;1
2705;594;1;1
2706;594;1;1
2707;595;1;9
2708;595;1;9
2709;595;1;9
2710;595;1;9
2711;595;2;9
2712;595;2;9
2713;595;2;9
2714;595;2;9
2715;596;1;10
2716;596;1;10
2717;596;2;10
2718;596;2;10
2719;596;2;10
2720;596;2;10
2721;597;2;10
2722;597;2;10
2723;597;2;10
2724;597;2;10
2725;598;1;15
2726;598;1;15
2727;598;1;15
2728;598;1;15
2729;599;1;15
2730;599;1;15
2731;599;1;15
2732;599;2;15
2733;599;2;15
2734;600;1;11
2735;600;1;11
2736;600;2;11
2737;600;2;11
2738;601;1;16
2739;601;1;16
2740;601;1;16
2741;601;2;16
2742;601;2;16
2743;602;1;14
2744;602;1;14
2745;602;2;14
2746;602;2;14
2747;602;2;14
2748;603;1;8
2749;603;1;8
2750;603;1;8
2751;603;1;8
2752;603;2;8
2753;603;2;8
2754;604;2;5
2755;604;2;5
2756;604;2;5
2757;605;2;9
2758;605;2;9
2759;606;1;15
2760;606;1;15
2761;606;2;15
2762;606;2;15
2763;606;2;15
2764;606;2;15
2765;608;1;3
2766;608;1;3
2767;608;2;3
2768;608;2;3
2769;608;2;3
2770;608;2;3
2771;609;1;16
2772;609;1;16
2773;609;1;16
2774;609;1;16
2775;609;2;16
2776;609;2;16
2777;609;2;16
2778;609;2;16
2779;610;1;8
2780;610;1;8
2781;610;2;8
2782;610;2;8
2783;610;2;8
2784;611;1;4
2785;611;1;4
2786;611;1;4
2787;611;1;4
2788;611;2;4
2789;611;2;4
2790;612;2;15
2791;612;2;15
2792;613;1;5
2793;613;1;5
2794;614;1;10
2795;614;1;10
2796;614;1;10
2797;614;2;10
2798;614;2;10
2799;614;2;10
2800;615;2;2
2801;615;2;2
2802;615;2;2
2803;615;2;2
2804;616;1;6
2805;616;1;6
2806;616;2;6
2807;616;2;6
2808;616;2;6
2809;616;2;6
2810;617;1;8
2811;617;1;8
2812;617;1;8
2813;618;2;7
2814;618;2;7
2815;618;2;7
2816;618;2;7
2817;619;1;15
2818;619;1;15
2819;619;2;15
2820;619;2;15
2821;619;2;15
2822;619;2;15
2823;620;1;14
2824;620;1;14
2825;620;2;14
2826;620;2;14
2827;620;2;14
2828;621;1;8
2829;621;1;8
2830;621;1;8
2831;621;1;8
2832;621;2;8
2833;621;2;8
2834;621;2;8
2835;621;2;8
2836;622;2;6
2837;622;2;6
2838;623;1;9
2839;623;1;9
2840;623;2;9
2841;623;2;9
2842;623;2;9
2843;624;1;10
2844;624;1;10
2845;624;1;10
2846;624;2;10
2847;624;2;10
2848;624;2;10
2849;624;2;10
2850;625;1;14
2851;625;1;14
2852;625;1;14
2853;625;2;14
2854;625;2;14
2855;625;2;14
2856;625;2;14
2857;626;2;3
2858;626;2;3
2859;626;2;3
2860;626;2;3
2861;627;2;6
2862;627;2;6
2863;627;2;6
2864;628;1;15
2865;628;1;15
2866;628;1;15
2867;628;2;15
2868;628;2;15
2869;629;2;6
2870;629;2;6
2871;629;2;6
2872;629;2;6
2873;630;2;7
2874;630;2;7
2875;630;2;7
2876;631;1;15
2877;631;1;15
2878;631;1;15
2879;631;2;15
2880;631;2;15
2881;632;1;13
2882;632;1;13
2883;632;1;13
2884;633;2;4
2885;633;2;4
2886;633;2;4
2887;634;2;8
2888;634;2;8
2889;634;2;8
2890;634;2;8
2891;635;2;13
2892;635;2;13
2893;636;1;12
2894;636;1;12
2895;636;1;12
2896;637;1;14
2897;637;1;14
2898;637;2;14
2899;637;2;14
2900;637;2;14
2901;638;1;5
2902;638;1;5
2903;638;1;5
2904;638;1;5
2905;638;2;5
2906;638;2;5
2907;638;2;5
2908;638;2;5
2909;639;2;8
2910;639;2;8
2911;639;2;8
2912;640;2;9
2913;640;2;9
2914;640;2;9
2915;641;1;9
2916;641;1;9
2917;641;1;9
2918;641;2;9
2919;641;2;9
2920;641;2;9
2921;641;2;9
2922;643;1;7
2923;643;1;7
2924;643;1;7
2925;643;2;7
2926;643;2;7
2927;643;2;7
2928;644;1;2
2929;644;1;2
2930;644;1;2
2931;644;2;2
2932;644;2;2
2933;644;2;2
2934;644;2;2
2935;645;1;16
2936;645;1;16
2937;645;1;16
2938;645;2;16
2939;645;2;16
2940;645;2;16
2941;646;1;10
2942;646;1;10
2943;646;1;10
2944;646;2;10
2945;646;2;10
2946;647;1;12
2947;647;1;12
2948;647;1;12
2949;647;2;12
2950;647;2;12
2951;647;2;12
2952;648;1;16
2953;648;1;16
2954;648;1;16
2955;648;1;16
2956;648;2;16
2957;648;2;16
2958;649;1;2
2959;649;1;2
2960;649;2;2
2961;649;2;2
2962;649;2;2
2963;649;2;2
2964;650;1;6
2965;650;1;6
2966;650;2;6
2967;650;2;6
2968;650;2;6
2969;650;2;6
2970;651;1;2
2971;651;1;2
2972;651;2;2
2973;651;2;2
2974;651;2;2
2975;651;2;2
2976;652;1;4
2977;652;1;4
2978;652;1;4
2979;652;1;4
2980;653;1;11
2981;653;1;11
2982;654;1;10
2983;654;1;10
2984;654;2;10
2985;654;2;10
2986;655;1;14
2987;655;1;14
2988;655;1;14
2989;655;2;14
2990;655;2;14
2991;655;2;14
2992;656;2;16
2993;656;2;16
2994;657;1;5
2995;657;1;5
2996;657;1;5
2997;657;1;5
2998;657;2;5
2999;657;2;5
3000;658;2;11
3001;658;2;11
3002;658;2;11
3003;658;2;11
3004;659;2;1
3005;659;2;1
3006;660;1;5
3007;660;1;5
3008;660;2;5
3009;660;2;5
3010;661;1;9
3011;661;1;9
3012;661;1;9
3013;661;1;9
3014;662;1;7
3015;662;1;7
3016;662;2;7
3017;662;2;7
3018;663;1;4
3019;663;1;4
3020;663;1;4
3021;663;2;4
3022;663;2;4
3023;664;1;1
3024;664;1;1
3025;664;2;1
3026;664;2;1
3027;664;2;1
3028;665;1;11
3029;665;1;11
3030;665;1;11
3031;665;1;11
3032;665;2;11
3033;665;2;11
3034;665;2;11
3035;666;1;7
3036;666;1;7
3037;666;1;7
3038;666;2;7
3039;666;2;7
3040;667;1;15
3041;667;1;15
3042;667;2;15
3043;667;2;15
3044;668;1;15
3045;668;1;15
3046;668;2;15
3047;668;2;15
3048;668;2;15
3049;670;1;6
3050;670;1;6
3051;670;1;6
3052;670;1;6
3053;670;2;6
3054;670;2;6
3055;670;2;6
3056;672;1;5
3057;672;1;5
3058;672;2;5
3059;672;2;5
3060;672;2;5
3061;672;2;5
3062;673;1;12
3063;673;1;12
3064;673;2;12
3065;673;2;12
3066;674;1;9
3067;674;1;9
3068;674;1;9
3069;675;1;13
3070;675;1;13
3071;676;1;15
3072;676;1;15
3073;676;2;15
3074;676;2;15
3075;676;2;15
3076;676;2;15
3077;677;1;13
3078;677;1;13
3079;677;1;13
3080;677;2;13
3081;677;2;13
3082;677;2;13
3083;677;2;13
3084;678;1;15
3085;678;1;15
3086;678;1;15
3087;678;1;15
3088;679;1;8
3089;679;1;8
3090;679;2;8
3091;679;2;8
3092;680;1;5
3093;680;1;5
3094;680;2;5
3095;680;2;5
3096;680;2;5
3097;680;2;5
3098;681;1;15
3099;681;1;15
3100;681;1;15
3101;681;2;15
3102;681;2;15
3103;681;2;15
3104;682;1;8
3105;682;1;8
3106;682;1;8
3107;683;1;7
3108;683;1;7
3109;683;1;7
3110;683;1;7
3111;683;2;7
3112;683;2;7
3113;683;2;7
3114;683;2;7
3115;684;2;10
3116;684;2;10
3117;685;2;13
3118;685;2;13
3119;686;1;13
3120;686;1;13
3121;686;1;13
3122;686;1;13
3123;687;1;6
3124;687;1;6
3125;687;1;6
3126;687;2;6
3127;687;2;6
3128;687;2;6
3129;687;2;6
3130;688;2;3
3131;688;2;3
3132;688;2;3
3133;688;2;3
3134;689;1;9
3135;689;1;9
3136;689;1;9
3137;689;1;9
3138;689;2;9
3139;689;2;9
3140;690;1;2
3141;690;1;2
3142;690;1;2
3143;690;1;2
3144;690;2;2
3145;690;2;2
3146;691;1;15
3147;691;1;15
3148;691;1;15
3149;691;2;15
3150;691;2;15
3151;692;2;2
3152;692;2;2
3153;692;2;2
3154;693;1;2
3155;693;1;2
3156;693;2;2
3157;693;2;2
3158;693;2;2
3159;694;1;4
3160;694;1;4
3161;694;1;4
3162;694;1;4
3163;694;2;4
3164;694;2;4
3165;695;1;8
3166;695;1;8
3167;696;1;2
3168;696;1;2
3169;696;2;2
3170;696;2;2
3171;696;2;2
3172;697;1;1
3173;697;1;1
3174;697;1;1
3175;697;1;1
3176;697;2;1
3177;697;2;1
3178;697;2;1
3179;697;2;1
3180;698;1;6
3181;698;1;6
3182;698;1;6
3183;698;1;6
3184;698;2;6
3185;698;2;6
3186;698;2;6
3187;699;1;10
3188;699;1;10
3189;700;2;8
3190;700;2;8
3191;700;2;8
3192;702;1;11
3193;702;1;11
3194;702;1;11
3195;702;1;11
3196;702;2;11
3197;702;2;11
3198;702;2;11
3199;702;2;11
3200;703;2;2
3201;703;2;2
3202;704;1;5
3203;704;1;5
3204;704;2;5
3205;704;2;5
3206;704;2;5
3207;705;1;9
3208;705;1;9
3209;705;1;9
3210;705;1;9
3211;706;1;7
3212;706;1;7
3213;706;2;7
3214;706;2;7
3215;706;2;7
3216;706;2;7
3217;707;1;1
3218;707;1;1
3219;707;2;1
3220;707;2;1
3221;707;2;1
3222;707;2;1
3223;708;1;6
3224;708;1;6
3225;708;2;6
3226;708;2;6
3227;709;1;7
3228;709;1;7
3229;709;2;7
3230;709;2;7
3231;709;2;7
3232;709;2;7
3233;710;1;8
3234;710;1;8
3235;710;1;8
3236;710;1;8
3237;710;2;8
3238;710;2;8
3239;711;2;14
3240;711;2;14
3241;711;2;14
3242;711;2;14
3243;714;2;14
3244;714;2;14
3245;714;2;14
3246;715;1;8
3247;715;1;8
3248;715;1;8
3249;715;1;8
3250;715;2;8
3251;715;2;8
3252;715;2;8
3253;716;1;11
3254;716;1;11
3255;716;2;11
3256;716;2;11
3257;716;2;11
3258;717;1;1
3259;717;1;1
3260;717;2;1
3261;717;2;1
3262;718;2;12
3263;718;2;12
3264;719;1;15
3265;719;1;15
3266;720;1;13
3267;720;1;13
3268;720;1;13
3269;720;2;13
3270;720;2;13
3271;720;2;13
3272;720;2;13
3273;721;1;12
3274;721;1;12
3275;722;1;11
3276;722;1;11
3277;722;2;11
3278;722;2;11
3279;723;1;14
3280;723;1;14
3281;723;1;14
3282;723;1;14
3283;723;2;14
3284;723;2;14
3285;723;2;14
3286;724;1;8
3287;724;1;8
3288;724;2;8
3289;724;2;8
3290;724;2;8
3291;724;2;8
3292;725;1;4
3293;725;1;4
3294;725;1;4
3295;725;2;4
3296;725;2;4
3297;725;2;4
3298;726;2;9
3299;726;2;9
3300;726;2;9
3301;727;1;8
3302;727;1;8
3303;727;2;8
3304;727;2;8
3305;727;2;8
3306;728;1;7
3307;728;1;7
3308;728;1;7
3309;728;2;7
3310;728;2;7
3311;729;2;15
3312;729;2;15
3313;729;2;15
3314;729;2;15
3315;730;1;13
3316;730;1;13
3317;730;1;13
3318;730;1;13
3319;730;2;13
3320;730;2;13
3321;730;2;13
3322;730;2;13
3323;731;2;4
3324;731;2;4
3325;731;2;4
3326;732;1;1
3327;732;1;1
3328;732;1;1
3329;732;1;1
3330;733;1;15
3331;733;1;15
3332;733;1;15
3333;733;1;15
3334;733;2;15
3335;733;2;15
3336;733;2;15
3337;734;1;6
3338;734;1;6
3339;734;2;6
3340;734;2;6
3341;734;2;6
3342;734;2;6
3343;735;1;3
3344;735;1;3
3345;735;1;3
3346;735;2;3
3347;735;2;3
3348;735;2;3
3349;735;2;3
3350;736;1;8
3351;736;1;8
3352;736;1;8
3353;736;1;8
3354;737;1;11
3355;737;1;11
3356;737;2;11
3357;737;2;11
3358;737;2;11
3359;737;2;11
3360;738;1;9
3361;738;1;9
3362;738;1;9
3363;738;1;9
3364;738;2;9
3365;738;2;9
3366;738;2;9
3367;738;2;9
3368;739;1;7
3369;739;1;7
3370;739;2;7
3371;739;2;7
3372;739;2;7
3373;740;2;11
3374;740;2;11
3375;740;2;11
3376;741;1;12
3377;741;1;12
3378;741;1;12
3379;741;1;12
3380;741;2;12
3381;741;2;12
3382;743;1;2
3383;743;1;2
3384;743;2;2
3385;743;2;2
3386;743;2;2
3387;743;2;2
3388;744;1;4
3389;744;1;4
3390;744;2;4
3391;744;2;4
3392;744;2;4
3393;745;1;15
3394;745;1;15
3395;745;1;15
3396;745;1;15
3397;745;2;15
3398;745;2;15
3399;745;2;15
3400;745;2;15
3401;746;1;10
3402;746;1;10
3403;746;2;10
3404;746;2;10
3405;746;2;10
3406;747;1;10
3407;747;1;10
3408;747;2;10
3409;747;2;10
3410;747;2;10
3411;748;1;1
3412;748;1;1
3413;748;1;1
3414;748;1;1
3415;748;2;1
3416;748;2;1
3417;748;2;1
3418;748;2;1
3419;749;1;11
3420;749;1;11
3421;749;2;11
3422;749;2;11
3423;750;1;13
3424;750;1;13
3425;750;1;13
3426;751;2;13
3427;751;2;13
3428;752;2;12
3429;752;2;12
3430;752;2;12
3431;753;1;8
3432;753;1;8
3433;753;1;8
3434;753;1;8
3435;753;2;8
3436;753;2;8
3437;753;2;8
3438;753;2;8
3439;754;2;5
3440;754;2;5
3441;755;1;3
3442;755;1;3
3443;755;1;3
3444;755;1;3
3445;755;2;3
3446;755;2;3
3447;755;2;3
3448;756;2;5
3449;756;2;5
3450;756;2;5
3451;757;1;6
3452;757;1;6
3453;757;1;6
3454;757;2;6
3455;757;2;6
3456;758;2;7
3457;758;2;7
3458;758;2;7
3459;759;1;13
3460;759;1;13
3461;759;2;13
3462;759;2;13
3463;759;2;13
3464;759;2;13
3465;760;1;13
3466;760;1;13
3467;760;1;13
3468;760;2;13
3469;760;2;13
3470;760;2;13
3471;760;2;13
3472;761;2;3
3473;761;2;3
3474;761;2;3
3475;762;2;10
3476;762;2;10
3477;762;2;10
3478;762;2;10
3479;763;1;15
3480;763;1;15
3481;763;1;15
3482;763;2;15
3483;763;2;15
3484;764;1;15
3485;764;1;15
3486;764;1;15
3487;764;1;15
3488;764;2;15
3489;764;2;15
3490;764;2;15
3491;764;2;15
3492;765;1;5
3493;765;1;5
3494;765;1;5
3495;765;1;5
3496;766;1;7
3497;766;1;7
3498;766;1;7
3499;767;1;12
3500;767;1;12
3501;767;1;12
3502;767;1;12
3503;767;2;12
3504;767;2;12
3505;767;2;12
3506;767;2;12
3507;768;1;3
3508;768;1;3
3509;768;1;3
3510;768;2;3
3511;768;2;3
3512;768;2;3
3513;769;2;9
3514;769;2;9
3515;770;2;9
3516;770;2;9
3517;770;2;9
3518;771;1;7
3519;771;1;7
3520;771;1;7
3521;771;2;7
3522;771;2;7
3523;771;2;7
3524;771;2;7
3525;772;1;7
3526;772;1;7
3527;772;1;7
3528;772;1;7
3529;772;2;7
3530;772;2;7
3531;773;1;15
3532;773;1;15
3533;773;1;15
3534;773;1;15
3535;773;2;15
3536;773;2;15
3537;773;2;15
3538;773;2;15
3539;774;1;5
3540;774;1;5
3541;774;1;5
3542;774;1;5
3543;775;1;7
3544;775;1;7
3545;775;1;7
3546;775;2;7
3547;775;2;7
3548;776;1;6
3549;776;1;6
3550;776;2;6
3551;776;2;6
3552;776;2;6
3553;777;1;15
3554;777;1;15
3555;777;1;15
3556;777;2;15
3557;777;2;15
3558;777;2;15
3559;778;1;8
3560;778;1;8
3561;778;1;8
3562;778;1;8
3563;778;2;8
3564;778;2;8
3565;779;2;15
3566;779;2;15
3567;780;2;8
3568;780;2;8
3569;780;2;8
3570;781;2;10
3571;781;2;10
3572;782;1;15
3573;782;1;15
3574;782;1;15
3575;782;2;15
3576;782;2;15
3577;782;2;15
3578;783;1;16
3579;783;1;16
3580;783;1;16
3581;783;1;16
3582;784;1;16
3583;784;1;16
3584;784;1;16
3585;784;2;16
3586;784;2;16
3587;784;2;16
3588;785;1;16
3589;785;1;16
3590;785;1;16
3591;785;1;16
3592;785;2;16
3593;785;2;16
3594;786;1;3
3595;786;1;3
3596;786;1;3
3597;786;2;3
3598;786;2;3
3599;786;2;3
3600;786;2;3
3601;787;1;16
3602;787;1;16
3603;787;1;16
3604;788;1;6
3605;788;1;6
3606;788;2;6
3607;788;2;6
3608;789;1;9
3609;789;1;9
3610;789;1;9
3611;789;1;9
3612;789;2;9
3613;789;2;9
3614;789;2;9
3615;789;2;9
3616;790;1;7
3617;790;1;7
3618;790;1;7
3619;790;1;7
3620;790;2;7
3621;790;2;7
3622;790;2;7
3623;791;1;6
3624;791;1;6
3625;791;2;6
3626;791;2;6
3627;791;2;6
3628;791;2;6
3629;792;2;9
3630;792;2;9
3631;792;2;9
3632;793;1;1
3633;793;1;1
3634;793;1;1
3635;793;1;1
3636;794;1;1
3637;794;1;1
3638;794;2;1
3639;794;2;1
3640;795;1;8
3641;795;1;8
3642;795;1;8
3643;795;1;8
3644;796;1;15
3645;796;1;15
3646;796;2;15
3647;796;2;15
3648;796;2;15
3649;797;1;12
3650;797;1;12
3651;797;2;12
3652;797;2;12
3653;797;2;12
3654;798;1;14
3655;798;1;14
3656;798;2;14
3657;798;2;14
3658;799;1;11
3659;799;1;11
3660;800;1;11
3661;800;1;11
3662;800;2;11
3663;800;2;11
3664;800;2;11
3665;800;2;11
3666;803;1;7
3667;803;1;7
3668;803;1;7
3669;803;1;7
3670;803;2;7
3671;803;2;7
3672;804;1;11
3673;804;1;11
3674;804;1;11
3675;804;1;11
3676;804;2;11
3677;804;2;11
3678;804;2;11
3679;805;1;2
3680;805;1;2
3681;805;2;2
3682;805;2;2
3683;805;2;2
3684;806;1;13
3685;806;1;13
3686;806;1;13
3687;806;2;13
3688;806;2;13
3689;807;1;10
3690;807;1;10
3691;807;1;10
3692;807;2;10
3693;807;2;10
3694;808;2;4
3695;808;2;4
3696;809;2;15
3697;809;2;15
3698;809;2;15
3699;809;2;15
3700;810;1;8
3701;810;1;8
3702;810;1;8
3703;810;1;8
3704;810;2;8
3705;810;2;8
3706;810;2;8
3707;811;1;16
3708;811;1;16
3709;811;1;16
3710;812;1;6
3711;812;1;6
3712;812;1;6
3713;812;2;6
3714;812;2;6
3715;812;2;6
3716;813;2;15
3717;813;2;15
3718;813;2;15
3719;813;2;15
3720;814;1;5
3721;814;1;5
3722;814;1;5
3723;814;2;5
3724;814;2;5
3725;814;2;5
3726;814;2;5
3727;815;1;4
3728;815;1;4
3729;815;1;4
3730;816;1;2
3731;816;1;2
3732;816;1;2
3733;816;1;2
3734;816;2;2
3735;816;2;2
3736;816;2;2
3737;817;1;14
3738;817;1;14
3739;818;1;7
3740;818;1;7
3741;818;1;7
3742;818;2;7
3743;818;2;7
3744;819;1;12
3745;819;1;12
3746;819;1;12
3747;820;1;2
3748;820;1;2
3749;820;1;2
3750;820;1;2
3751;820;2;2
3752;820;2;2
3753;821;2;9
3754;821;2;9
3755;821;2;9
3756;821;2;9
3757;822;2;8
3758;822;2;8
3759;823;1;1
3760;823;1;1
3761;823;1;1
3762;823;2;1
3763;823;2;1
3764;823;2;1
3765;823;2;1
3766;824;2;8
3767;824;2;8
3768;824;2;8
3769;824;2;8
3770;825;1;1
3771;825;1;1
3772;825;1;1
3773;826;2;16
3774;826;2;16
3775;827;1;7
3776;827;1;7
3777;827;2;7
3778;827;2;7
3779;827;2;7
3780;827;2;7
3781;828;2;4
3782;828;2;4
3783;828;2;4
3784;828;2;4
3785;829;1;8
3786;829;1;8
3787;829;2;8
3788;829;2;8
3789;829;2;8
3790;830;2;11
3791;830;2;11
3792;830;2;11
3793;830;2;11
3794;831;1;14
3795;831;1;14
3796;831;1;14
3797;832;1;8
3798;832;1;8
3799;832;1;8
3800;832;1;8
3801;833;1;3
3802;833;1;3
3803;833;1;3
3804;833;2;3
3805;833;2;3
3806;833;2;3
3807;833;2;3
3808;834;2;6
3809;834;2;6
3810;834;2;6
3811;835;1;10
3812;835;1;10
3813;835;1;10
3814;835;1;10
3815;835;2;10
3816;835;2;10
3817;835;2;10
3818;835;2;10
3819;836;1;15
3820;836;1;15
3821;836;1;15
3822;837;2;5
3823;837;2;5
3824;837;2;5
3825;838;1;1
3826;838;1;1
3827;838;2;1
3828;838;2;1
3829;838;2;1
3830;838;2;1
3831;839;2;14
3832;839;2;14
3833;840;1;10
3834;840;1;10
3835;840;1;10
3836;840;1;10
3837;841;1;15
3838;841;1;15
3839;841;1;15
3840;841;2;15
3841;841;2;15
3842;841;2;15
3843;841;2;15
3844;842;1;10
3845;842;1;10
3846;842;2;10
3847;842;2;10
3848;843;1;4
3849;843;1;4
3850;843;1;4
3851;843;1;4
3852;843;2;4
3853;843;2;4
3854;843;2;4
3855;844;1;15
3856;844;1;15
3857;844;2;15
3858;844;2;15
3859;845;1;9
3860;845;1;9
3861;845;1;9
3862;845;1;9
3863;845;2;9
3864;845;2;9
3865;845;2;9
3866;846;1;13
3867;846;1;13
3868;846;1;13
3869;846;1;13
3870;846;2;13
3871;846;2;13
3872;846;2;13
3873;846;2;13
3874;847;2;13
3875;847;2;13
3876;847;2;13
3877;847;2;13
3878;848;1;16
3879;848;1;16
3880;848;1;16
3881;849;1;2
3882;849;1;2
3883;849;1;2
3884;849;1;2
3885;849;2;2
3886;849;2;2
3887;849;2;2
3888;849;2;2
3889;850;1;1
3890;850;1;1
3891;850;1;1
3892;850;2;1
3893;850;2;1
3894;850;2;1
3895;850;2;1
3896;851;1;15
3897;851;1;15
3898;851;1;15
3899;851;2;15
3900;851;2;15
3901;851;2;15
3902;852;1;3
3903;852;1;3
3904;852;1;3
3905;852;1;3
3906;852;2;3
3907;852;2;3
3908;852;2;3
3909;853;1;3
3910;853;1;3
3911;853;1;3
3912;854;2;11
3913;854;2;11
3914;854;2;11
3915;854;2;11
3916;855;1;6
3917;855;1;6
3918;855;2;6
3919;855;2;6
3920;856;1;11
3921;856;1;11
3922;856;1;11
3923;856;1;11
3924;856;2;11
3925;856;2;11
3926;856;2;11
3927;856;2;11
3928;857;1;5
3929;857;1;5
3930;857;1;5
3931;857;2;5
3932;857;2;5
3933;857;2;5
3934;857;2;5
3935;858;2;5
3936;858;2;5
3937;858;2;5
3938;858;2;5
3939;859;1;2
3940;859;1;2
3941;859;1;2
3942;859;2;2
3943;859;2;2
3944;859;2;2
3945;861;1;10
3946;861;1;10
3947;861;1;10
3948;861;2;10
3949;861;2;10
3950;861;2;10
3951;862;1;4
3952;862;1;4
3953;862;1;4
3954;862;2;4
3955;862;2;4
3956;863;1;14
3957;863;1;14
3958;863;1;14
3959;863;1;14
3960;863;2;14
3961;863;2;14
3962;863;2;14
3963;864;1;3
3964;864;1;3
3965;864;1;3
3966;864;1;3
3967;864;2;3
3968;864;2;3
3969;865;1;2
3970;865;1;2
3971;865;1;2
3972;865;1;2
3973;865;2;2
3974;865;2;2
3975;866;2;8
3976;866;2;8
3977;867;1;8
3978;867;1;8
3979;867;1;8
3980;867;1;8
3981;868;1;16
3982;868;1;16
3983;868;1;16
3984;869;1;1
3985;869;1;1
3986;869;1;1
3987;869;1;1
3988;869;2;1
3989;869;2;1
3990;869;2;1
3991;870;1;11
3992;870;1;11
3993;870;1;11
3994;870;1;11
3995;870;2;11
3996;870;2;11
3997;870;2;11
3998;870;2;11
3999;871;1;5
4000;871;1;5
4001;871;2;5
4002;871;2;5
4003;871;2;5
4004;872;2;16
4005;872;2;16
4006;872;2;16
4007;873;1;3
4008;873;1;3
4009;873;1;3
4010;873;1;3
4011;873;2;3
4012;873;2;3
4013;873;2;3
4014;873;2;3
4015;875;1;15
4016;875;1;15
4017;875;1;15
4018;875;2;15
4019;875;2;15
4020;875;2;15
4021;875;2;15
4022;876;1;11
4023;876;1;11
4024;877;1;12
4025;877;1;12
4026;877;1;12
4027;877;2;12
4028;877;2;12
4029;878;2;16
4030;878;2;16
4031;878;2;16
4032;878;2;16
4033;879;1;12
4034;879;1;12
4035;879;1;12
4036;879;1;12
4037;879;2;12
4038;879;2;12
4039;879;2;12
4040;880;1;2
4041;880;1;2
4042;880;1;2
4043;880;1;2
4044;880;2;2
4045;880;2;2
4046;880;2;2
4047;880;2;2
4048;881;2;11
4049;881;2;11
4050;881;2;11
4051;881;2;11
4052;882;1;7
4053;882;1;7
4054;882;1;7
4055;882;1;7
4056;883;2;3
4057;883;2;3
4058;884;2;12
4059;884;2;12
4060;884;2;12
4061;885;1;11
4062;885;1;11
4063;886;1;2
4064;886;1;2
4065;886;1;2
4066;886;1;2
4067;887;1;2
4068;887;1;2
4069;887;1;2
4070;887;1;2
4071;887;2;2
4072;887;2;2
4073;888;1;6
4074;888;1;6
4075;888;1;6
4076;888;1;6
4077;889;1;3
4078;889;1;3
4079;889;1;3
4080;890;1;15
4081;890;1;15
4082;890;1;15
4083;890;2;15
4084;890;2;15
4085;890;2;15
4086;890;2;15
4087;891;1;4
4088;891;1;4
4089;891;1;4
4090;891;2;4
4091;891;2;4
4092;891;2;4
4093;891;2;4
4094;892;1;2
4095;892;1;2
4096;892;1;2
4097;892;2;2
4098;892;2;2
4099;892;2;2
4100;892;2;2
4101;893;1;14
4102;893;1;14
4103;893;1;14
4104;893;1;14
4105;893;2;14
4106;893;2;14
4107;893;2;14
4108;893;2;14
4109;894;1;16
4110;894;1;16
4111;894;1;16
4112;894;2;16
4113;894;2;16
4114;895;1;4
4115;895;1;4
4116;895;1;4
4117;895;1;4
4118;895;2;4
4119;895;2;4
4120;895;2;4
4121;896;1;3
4122;896;1;3
4123;896;2;3
4124;896;2;3
4125;897;1;7
4126;897;1;7
4127;897;1;7
4128;897;1;7
4129;897;2;7
4130;897;2;7
4131;897;2;7
4132;897;2;7
4133;898;1;15
4134;898;1;15
4135;898;1;15
4136;898;2;15
4137;898;2;15
4138;899;1;4
4139;899;1;4
4140;899;1;4
4141;900;1;9
4142;900;1;9
4143;900;2;9
4144;900;2;9
4145;901;1;2
4146;901;1;2
4147;901;1;2
4148;901;1;2
4149;901;2;2
4150;901;2;2
4151;901;2;2
4152;902;1;15
4153;902;1;15
4154;902;1;15
4155;902;1;15
4156;902;2;15
4157;902;2;15
4158;902;2;15
4159;903;2;16
4160;903;2;16
4161;904;1;11
4162;904;1;11
4163;905;1;5
4164;905;1;5
4165;905;1;5
4166;906;1;5
4167;906;1;5
4168;906;2;5
4169;906;2;5
4170;906;2;5
4171;907;1;7
4172;907;1;7
4173;907;1;7
4174;907;1;7
4175;908;1;9
4176;908;1;9
4177;908;2;9
4178;908;2;9
4179;910;2;7
4180;910;2;7
4181;911;1;1
4182;911;1;1
4183;911;1;1
4184;911;1;1
4185;911;2;1
4186;911;2;1
4187;911;2;1
4188;911;2;1
4189;912;1;14
4190;912;1;14
4191;912;1;14
4192;912;2;14
4193;912;2;14
4194;912;2;14
4195;913;1;13
4196;913;1;13
4197;913;1;13
4198;913;1;13
4199;913;2;13
4200;913;2;13
4201;914;1;16
4202;914;1;16
4203;914;2;16
4204;914;2;16
4205;914;2;16
4206;914;2;16
4207;915;1;1
4208;915;1;1
4209;915;1;1
4210;915;1;1
4211;915;2;1
4212;915;2;1
4213;916;1;2
4214;916;1;2
4215;916;2;2
4216;916;2;2
4217;917;1;15
4218;917;1;15
4219;917;1;15
4220;917;2;15
4221;917;2;15
4222;918;2;3
4223;918;2;3
4224;918;2;3
4225;918;2;3
4226;919;1;10
4227;919;1;10
4228;919;1;10
4229;919;1;10
4230;920;1;13
4231;920;1;13
4232;920;1;13
4233;920;2;13
4234;920;2;13
4235;921;1;12
4236;921;1;12
4237;921;2;12
4238;921;2;12
4239;922;1;11
4240;922;1;11
4241;922;1;11
4242;922;2;11
4243;922;2;11
4244;922;2;11
4245;922;2;11
4246;923;2;7
4247;923;2;7
4248;923;2;7
4249;924;1;14
4250;924;1;14
4251;924;2;14
4252;924;2;14
4253;924;2;14
4254;925;1;6
4255;925;1;6
4256;925;1;6
4257;925;2;6
4258;925;2;6
4259;926;2;6
4260;926;2;6
4261;927;1;1
4262;927;1;1
4263;927;1;1
4264;927;1;1
4265;928;1;3
4266;928;1;3
4267;928;1;3
4268;929;1;9
4269;929;1;9
4270;929;1;9
4271;929;1;9
4272;930;1;14
4273;930;1;14
4274;930;1;14
4275;930;2;14
4276;930;2;14
4277;930;2;14
4278;931;2;16
4279;931;2;16
4280;931;2;16
4281;932;1;5
4282;932;1;5
4283;932;2;5
4284;932;2;5
4285;933;1;13
4286;933;1;13
4287;933;1;13
4288;934;2;10
4289;934;2;10
4290;934;2;10
4291;935;2;13
4292;935;2;13
4293;936;1;12
4294;936;1;12
4295;936;2;12
4296;936;2;12
4297;936;2;12
4298;936;2;12
4299;937;1;13
4300;937;1;13
4301;937;2;13
4302;937;2;13
4303;937;2;13
4304;938;1;5
4305;938;1;5
4306;938;1;5
4307;938;1;5
4308;938;2;5
4309;938;2;5
4310;939;2;5
4311;939;2;5
4312;939;2;5
4313;939;2;5
4314;940;1;15
4315;940;1;15
4316;940;1;15
4317;941;1;10
4318;941;1;10
4319;941;1;10
4320;941;1;10
4321;941;2;10
4322;941;2;10
4323;941;2;10
4324;942;1;7
4325;942;1;7
4326;942;2;7
4327;942;2;7
4328;944;1;7
4329;944;1;7
4330;944;2;7
4331;944;2;7
4332;944;2;7
4333;945;1;6
4334;945;1;6
4335;945;1;6
4336;945;1;6
4337;945;2;6
4338;945;2;6
4339;945;2;6
4340;945;2;6
4341;946;2;8
4342;946;2;8
4343;946;2;8
4344;946;2;8
4345;947;1;9
4346;947;1;9
4347;948;1;13
4348;948;1;13
4349;948;2;13
4350;948;2;13
4351;948;2;13
4352;948;2;13
4353;949;1;10
4354;949;1;10
4355;949;1;10
4356;949;1;10
4357;949;2;10
4358;949;2;10
4359;951;1;4
4360;951;1;4
4361;951;1;4
4362;951;2;4
4363;951;2;4
4364;951;2;4
4365;951;2;4
4366;952;1;6
4367;952;1;6
4368;952;1;6
4369;953;1;2
4370;953;1;2
4371;953;1;2
4372;953;1;2
4373;953;2;2
4374;953;2;2
4375;956;1;10
4376;956;1;10
4377;956;1;10
4378;956;1;10
4379;957;1;9
4380;957;1;9
4381;957;1;9
4382;957;2;9
4383;957;2;9
4384;958;1;7
4385;958;1;7
4386;958;1;7
4387;958;2;7
4388;958;2;7
4389;958;2;7
4390;959;1;3
4391;959;1;3
4392;960;2;6
4393;960;2;6
4394;960;2;6
4395;961;1;9
4396;961;1;9
4397;961;1;9
4398;961;2;9
4399;961;2;9
4400;962;1;4
4401;962;1;4
4402;962;1;4
4403;962;1;4
4404;963;1;2
4405;963;1;2
4406;963;2;2
4407;963;2;2
4408;963;2;2
4409;964;1;1
4410;964;1;1
4411;964;1;1
4412;964;2;1
4413;964;2;1
4414;965;1;11
4415;965;1;11
4416;966;1;6
4417;966;1;6
4418;966;2;6
4419;966;2;6
4420;966;2;6
4421;966;2;6
4422;967;1;14
4423;967;1;14
4424;967;1;14
4425;967;2;14
4426;967;2;14
4427;968;1;1
4428;968;1;1
4429;968;1;1
4430;969;1;7
4431;969;1;7
4432;969;1;7
4433;969;1;7
4434;970;1;4
4435;970;1;4
4436;970;1;4
4437;970;2;4
4438;970;2;4
4439;970;2;4
4440;970;2;4
4441;971;1;9
4442;971;1;9
4443;971;1;9
4444;971;1;9
4445;972;1;14
4446;972;1;14
4447;972;1;14
4448;972;2;14
4449;972;2;14
4450;972;2;14
4451;973;1;6
4452;973;1;6
4453;973;1;6
4454;973;1;6
4455;973;2;6
4456;973;2;6
4457;973;2;6
4458;973;2;6
4459;974;1;13
4460;974;1;13
4461;975;1;8
4462;975;1;8
4463;975;2;8
4464;975;2;8
4465;975;2;8
4466;976;1;10
4467;976;1;10
4468;976;2;10
4469;976;2;10
4470;976;2;10
4471;976;2;10
4472;977;2;16
4473;977;2;16
4474;977;2;16
4475;978;1;5
4476;978;1;5
4477;978;1;5
4478;979;1;7
4479;979;1;7
4480;979;1;7
4481;979;1;7
4482;979;2;7
4483;979;2;7
4484;979;2;7
4485;980;1;12
4486;980;1;12
4487;980;1;12
4488;980;2;12
4489;980;2;12
4490;981;1;16
4491;981;1;16
4492;981;1;16
4493;981;2;16
4494;981;2;16
4495;981;2;16
4496;982;1;1
4497;982;1;1
4498;982;1;1
4499;982;2;1
4500;982;2;1
4501;982;2;1
4502;982;2;1
4503;983;1;12
4504;983;1;12
4505;983;1;12
4506;984;1;9
4507;984;1;9
4508;985;1;14
4509;985;1;14
4510;985;1;14
4511;985;1;14
4512;985;2;14
4513;985;2;14
4514;985;2;14
4515;986;1;2
4516;986;1;2
4517;986;1;2
4518;986;1;2
4519;986;2;2
4520;986;2;2
4521;987;1;12
4522;987;1;12
4523;987;2;12
4524;987;2;12
4525;988;1;16
4526;988;1;16
4527;988;1;16
4528;988;2;16
4529;988;2;16
4530;989;1;16
4531;989;1;16
4532;989;1;16
4533;989;1;16
4534;989;2;16
4535;989;2;16
4536;990;2;11
4537;990;2;11
4538;991;1;1
4539;991;1;1
4540;991;2;1
4541;991;2;1
4542;991;2;1
4543;992;2;6
4544;992;2;6
4545;992;2;6
4546;992;2;6
4547;993;1;3
4548;993;1;3
4549;993;1;3
4550;993;1;3
4551;993;2;3
4552;993;2;3
4553;993;2;3
4554;994;1;13
4555;994;1;13
4556;994;1;13
4557;995;1;11
4558;995;1;11
4559;995;1;11
4560;995;1;11
4561;995;2;11
4562;995;2;11
4563;996;1;6
4564;996;1;6
4565;997;1;12
4566;997;1;12
4567;998;2;11
4568;998;2;11
4569;999;1;3
4570;999;1;3
4571;999;2;3
4572;999;2;3
4573;999;2;3
4574;1000;1;5
4575;1000;1;5
4576;1000;1;5
4577;1000;1;5
4578;1000;2;5
4579;1000;2;5
4580;1000;2;5
4581;1000;2;5
